$ANSIBLE_VAULT;1.1;AES256
62356334623563313334336635313231376434393239373634613066393935633066393265623438
3162353936623230323635383433356138346335623664330a653365363834646561666366633334
66663265393163376635363533376261303337633734616638656432323033303339663631353332
3539393237313264390a303435336638653461303161373639316435613237366561393066333530
64666333343163373139656538616361623365666232636430663963613836653632323163303666
36643864383239663436666664353631313462383034653263373838626639333964386639353837
33383035356265636638333464393435366166343461643936386533643165323139323939313733
30636666313438623238373938643464386663333164623638663166653737363832363833316635
30303031653466336564313238353637353332666530373261343034666564323431633164313233
30393135656365623630626162626266373533343939396166333462363164626639383537393435
65663030643430623865353065303165363265653139656263313136323865613135323763303965
37326262396338336239353066303630666235353664656232346335336138343737636466323632
35373338393934323634343838383565306634303637353639666130313339633361356433393763
32663365333631636461653862303136343339643437386338386430336264653363333735656165
62313431373465376537306636323261663632313064656334326131376135343861663436626161
37363063653364306537393566346362613765613963376465386139336432343636666661303534
66323636643266656261336430396363333362636464336564313364373539356363373064666462
36663436623461363535623266613237383065333533626639353336666433376333346437626463
64303238303333313038386533316637333237616664626237353133333063313662626338636366
65336463346535393663323563643666303866613333663565373936613762323537626434626362
66633864333664663138393133303134316237373962333661666532643637383132306331376663
33623336343839333765306437656165623261353438353133626331316461383764303731623163
30396664633432333031396432346635343530393336623838393863326435653235666533626366
66343062303730623863303136393237346635643939363962356537333938383662666430356630
38396163313433623865383464383739303464626362396363633036633836653264333530386131
62323130643436623232656435363633373134646365393461626561323930653338656633626565
39656462333061666562343333313737653731323536333032633133376136316438666631353761
64303933363436336236323166316334666366613336663330633034383038653233323038633535
38396565323537323936653331303133336465386337643461373662656439383533303837326536
38333933346561333936643866636631653534303163383135613437373765373963666463323465
61353963666336666533663137646166306465366161396436626537366136613662373533343066
37653065643166343664623636653339373532363532633533366131346635643662303362666637
34346237343931623264363433343564616439353733386438363562303433353131376537376134
3230383066633638343839366631613735316666623333303765
