$ANSIBLE_VAULT;1.1;AES256
61633039323235396132373965313132313065333436306339323466343338656565353765356166
6436396563356234303037646164656233383663326337320a666462393738646530393134353562
66626433623965633134653637613433616665316364623134356633613135383938336439663031
3635373931333537640a376633343134643538323461396431626632333662386237383866333064
38613964643735633165333931623638373062363364646134313834623533373632356332663134
66636565343234383634383436613636306664626265316237646563316363333437386161313536
65323565666535326534623430326236383366303865656161303966323339386133663430616333
30613733623232326163653763376463346466613266386439623662393337393531623863313237
63353832386166373635363566343937303438633661383231386164663765656266373131326563
35343565643634336566643861653632373566306631333930633138313836626331343664383462
36353237323733343162373531646539626231663633643465333531303061653132613831613163
39376139643934306166323164383430313939396662613732333266356136633135346561373432
63316232333562323461326132323065383366383038646166636164336463366639633137326261
36643831626164343134333563366632643332343563646466383530626335623864383839643132
34303163383232373531653163396337623735306134363033636536363635333839653266333232
38663137666230646237663432663431653637356630326237613937623962326636336661326237
32343665653939316637306166326436666666326666643739386130386564386265373337633630
61623934306366383735356366383563653630373366636136623066323237636266643530646666
31353662386338316639366431386131326533336139356234323265313539623538313465363062
34363537623231626363616665396436656161303838373765653239653465333436666437656138
32343536353361646538633630386639633931383632383539633836613236393638316333373265
39643434393736663264376338323166363161336439353361613434316635656431643639663361
63616438373339613236656333373464346435643064613439633465396635613935636364366330
39373763313164313466373866313761663430663164376130386634633366653133333135383364
64313661646265346366636233623431326530323461386339626563656633363361626538343832
64396638616631646563353130366461303666366332393562643130313266663738383235313130
39333531636630303036343165326136303236646366336564663861353938333961623362343662
66373665613266656562643466363331326435376333363732353234383635323766393833623330
37313231313662643336613861633032643662383536616435343136396364653865306435623838
65646130363933626166663266343363346562623632633930623232633462353635313466363732
36303337386439333462646236343030613732323338383833393837633533626331663562353431
32333864636236656661653436623236343565316262343461303833376338333966353033333963
66303531613462663036353539313463396131663330363530323264343466333065